10,4
10,3
16,13
16,12
16,11
9,5
9,4
9,3
8,3
8,5
5,5
0,324
6,5
0,262
0,261
0,260
0,259
0,254
0,253
0,397
0,212
0,2
0,6
6,4
0,377
0,205
0,374
0,373
0,364
5,3
5,4
15,8
15,7
15,3
16,9
16,8
16,3
0,362
6,3
0,360
0,195
0,413
0,194
0,436
0,1
0,359
0,243
0,0
14,139
14,5
0,52
0,443
0,51
0,313
14,4
0,50
0,335
14,3
0,49
2,4
2,3
0,370
1,3
0,48
0,310
0,47
0,308
0,46
0,442
0,45
0,419
0,300
0,431
0,299
0,298
0,342
0,297
0,428
0,296
0,427
0,295
0,426
0,294
0,425
0,293
0,424
0,292
0,423
0,291
0,422
0,290
0,421
0,289
0,288
0,399
0,287
0,418
0,286
0,339
0,285
0,416
0,284
0,415
0,283
0,394
0,282
0,389
0,281
0,325
0,280
0,411
0,279
0,409
0,278
0,417
0,277
14,74
14,73
14,69
14,68
14,67
14,66
14,65
14,64
14,191
14,190
14,189
14,188
14,187
14,186
14,185
14,184
14,183
14,182
14,181
14,180
14,179
14,178
14,177
14,176
14,175
14,174
14,173
14,172
14,171
14,170
14,169
14,168
14,167
14,166
14,165
14,164
14,163
0,407
0,276
0,406
0,275
0,414
0,274
0,404
0,273
14,162
14,161
14,160
14,159
14,158
14,157
14,156
14,155
14,154
14,153
14,152
14,151
14,150
14,149
0,403
0,272
0,402
0,271
0,401
0,270
0,400
16,7
0,269
0,382
0,268
0,398
0,267
0,330
0,266
0,396
16,6
0,265
16,4
0,264
0,341
0,263
0,393
16,10
15,4
15,6
15,5
16,5
0,258
0,441
0,257
0,380
0,256
0,440
0,255
0,385
0,252
14,148
14,147
14,146
0,375
0,251
0,384
0,250
0,323
0,249
0,408
0,248
0,247
0,405
0,246
0,363
0,245
0,322
0,244
0,326
0,242
0,430
0,241
0,240
0,371
0,239
0,348
0,238
0,369
0,237
0,368
0,236
0,367
0,235
0,366
0,234
0,365
0,233
0,319
0,232
0,329
0,231
0,429
0,230
0,361
0,229
0,318
0,228
0,315
0,227
14,145
0,358
0,226
14,144
14,143
14,142
14,140
0,357
0,354
0,225
0,224
0,355
0,223
0,314
0,222
0,353
0,221
0,328
0,220
0,351
0,219
0,350
0,218
0,217
0,309
0,216
0,439
0,215
0,321
0,214
0,345
0,213
0,344
0,211
0,312
14,80
14,79
0,210
0,209
0,320
0,208
0,301
0,207
0,337
0,206
0,204
0,203
0,347
0,202
0,201
0,343
0,200
0,199
0,198
0,332
0,333
0,197
0,196
0,331
0,304
0,303
0,12
0,11
0,10
0,8
0,193
0,446
0,192
0,327
0,63
0,311
0,62
0,346
0,61
0,447
0,60
0,340
0,59
0,58
0,445
0,57
0,336
0,56
0,388
14,81
14,141
0,55
0,317
0,54
0,316
0,53
0,444
14,72
14,71
14,70
14,17
14,8
14,7
14,2
14,1
14,0
13,4
13,3
13,2
13,1
13,0
12,8
12,7
12,6
12,5
12,4
12,3
12,2
12,1
12,0
11,5
11,4
11,3
11,2
11,1
11,0
10,2
10,1
10,0
9,2
9,1
9,0
8,4
8,2
8,1
8,0
7,5
7,4
7,3
7,2
7,1
7,0
6,2
6,1
6,0
5,6
5,2
5,1
5,0
4,3
4,2
4,1
4,0
3,6
3,5
3,4
3,3
3,2
3,1
3,0
2,2
2,1
2,0
1,2
1,1
1,0
0,410
2,5
0,9
15,0
15,2
16,1
16,2
17,0
17,2
17,3
17,5
17,6
17,4
17,1
16,0
15,1
0,392
0,391
0,390
0,387
0,376
0,383
0,412
0,5
0,306
0,305
0,302
0,4
0,3
0,7
